self.buffer.rewards:[[[[-0.        ]
   [-0.6332796 ]]]


 [[[-0.6456085 ]
   [-0.        ]]]


 [[[-0.        ]
   [-0.        ]]]


 [[[-0.        ]
   [-0.57023567]]]


 [[[-0.        ]
   [-0.6387198 ]]]


 [[[-0.63852   ]
   [-0.        ]]]


 [[[-0.62960386]
   [-0.        ]]]


 [[[-0.65205294]
   [-0.        ]]]


 [[[-0.6308788 ]
   [-0.        ]]]


 [[[-0.6288776 ]
   [-0.        ]]]


 [[[-0.6264345 ]
   [-0.        ]]]


 [[[-0.6406225 ]
   [-0.6433491 ]]]


 [[[-0.        ]
   [-0.6392201 ]]]


 [[[-0.60207134]
   [-0.6401385 ]]]


 [[[-0.6304418 ]
   [-0.        ]]]


 [[[-0.6252963 ]
   [-0.        ]]]


 [[[-0.        ]
   [-0.        ]]]


 [[[-0.6400695 ]
   [-0.        ]]]


 [[[-0.        ]
   [-0.        ]]]


 [[[-0.6463313 ]
   [-0.        ]]]


 [[[-0.        ]
   [-0.        ]]]


 [[[-0.6274979 ]
   [-0.        ]]]


 [[[-0.        ]
   [-0.64914954]]]


 [[[-0.62388086]
   [-0.6281794 ]]]


 [[[-0.        ]
   [-0.6245342 ]]]


 [[[-0.64913255]
   [-0.6373162 ]]]


 [[[-0.61834294]
   [-0.        ]]]


 [[[-0.        ]
   [-0.63795495]]]


 [[[-0.        ]
   [-0.        ]]]


 [[[-0.        ]
   [-0.        ]]]


 [[[-0.61446416]
   [-0.6571429 ]]]


 [[[-0.        ]
   [-0.        ]]]


 [[[-0.6304641 ]
   [-0.        ]]]


 [[[-0.65164715]
   [-0.        ]]]


 [[[-0.6476508 ]
   [-0.        ]]]


 [[[-0.        ]
   [-0.        ]]]


 [[[-0.        ]
   [-0.        ]]]


 [[[-0.6340961 ]
   [-0.63364273]]]


 [[[-0.        ]
   [-0.63177335]]]


 [[[-0.6369928 ]
   [-0.6433723 ]]]


 [[[-0.64557856]
   [-0.        ]]]


 [[[-0.        ]
   [-0.63980037]]]


 [[[-0.6341265 ]
   [-0.6547505 ]]]


 [[[-0.        ]
   [-0.6376064 ]]]


 [[[-0.64988035]
   [-0.        ]]]


 [[[-0.        ]
   [-0.6207944 ]]]


 [[[-0.        ]
   [-0.63134944]]]


 [[[-0.        ]
   [-0.        ]]]


 [[[-0.        ]
   [-0.62858236]]]


 [[[-0.        ]
   [-0.6493423 ]]]


 [[[-0.        ]
   [-0.        ]]]


 [[[-0.        ]
   [-0.64599466]]]


 [[[-0.64413077]
   [-0.6050876 ]]]


 [[[-0.6397356 ]
   [-0.64668167]]]


 [[[-0.        ]
   [-0.        ]]]


 [[[-0.        ]
   [-0.        ]]]


 [[[-0.        ]
   [-0.        ]]]


 [[[-0.        ]
   [-0.        ]]]


 [[[-0.        ]
   [-0.        ]]]


 [[[-0.6435802 ]
   [-0.        ]]]


 [[[-0.6241597 ]
   [-0.        ]]]


 [[[-0.        ]
   [-0.6551219 ]]]


 [[[-0.61605823]
   [-0.        ]]]


 [[[-0.57805026]
   [-0.6181844 ]]]


 [[[-0.6033826 ]
   [-0.        ]]]


 [[[-0.6438603 ]
   [-0.5854222 ]]]


 [[[-0.6211367 ]
   [-0.6260633 ]]]


 [[[-0.        ]
   [-0.63286704]]]


 [[[-0.        ]
   [-0.64292324]]]


 [[[-0.        ]
   [-0.6215568 ]]]


 [[[-0.64143294]
   [-0.62417245]]]


 [[[-0.6301384 ]
   [-0.6362056 ]]]


 [[[-0.        ]
   [-0.6364478 ]]]


 [[[-0.        ]
   [-0.6126871 ]]]


 [[[-0.6215695 ]
   [-0.6352026 ]]]


 [[[-0.6337354 ]
   [-0.628154  ]]]


 [[[-0.6479606 ]
   [-0.64001375]]]


 [[[-0.5992156 ]
   [-0.6215068 ]]]


 [[[-0.        ]
   [-0.6134551 ]]]


 [[[-0.64799976]
   [-0.        ]]]


 [[[-0.        ]
   [-0.        ]]]


 [[[-0.6090549 ]
   [-0.6122457 ]]]


 [[[-0.6228934 ]
   [-0.6442416 ]]]


 [[[-0.        ]
   [-0.        ]]]


 [[[-0.        ]
   [-0.64201814]]]


 [[[-0.        ]
   [-0.6454467 ]]]


 [[[-0.        ]
   [-0.        ]]]


 [[[-0.        ]
   [-0.6327453 ]]]


 [[[-0.        ]
   [-0.623417  ]]]


 [[[-0.6191027 ]
   [-0.6495527 ]]]


 [[[-0.6410235 ]
   [-0.        ]]]


 [[[-0.64311874]
   [-0.646085  ]]]


 [[[-0.6081049 ]
   [-0.        ]]]


 [[[-0.6287856 ]
   [-0.64545137]]]


 [[[-0.5932563 ]
   [-0.        ]]]


 [[[-0.        ]
   [-0.        ]]]


 [[[-0.        ]
   [-0.        ]]]


 [[[-0.6190391 ]
   [-0.        ]]]


 [[[-0.6201168 ]
   [-0.        ]]]


 [[[-0.6059722 ]
   [-0.        ]]]


 [[[-0.6268463 ]
   [-0.        ]]]


 [[[-0.6265412 ]
   [-0.        ]]]


 [[[-0.6371604 ]
   [-0.6348821 ]]]


 [[[-0.6283179 ]
   [-0.        ]]]


 [[[-0.6221031 ]
   [-0.        ]]]


 [[[-0.6481536 ]
   [-0.        ]]]


 [[[-0.6201712 ]
   [-0.63509274]]]


 [[[-0.5979216 ]
   [-0.        ]]]


 [[[-0.60622644]
   [-0.        ]]]


 [[[-0.        ]
   [-0.6421701 ]]]


 [[[-0.        ]
   [-0.6282632 ]]]


 [[[-0.        ]
   [-0.        ]]]


 [[[-0.        ]
   [-0.        ]]]


 [[[-0.63710475]
   [-0.        ]]]


 [[[-0.        ]
   [-0.65796375]]]


 [[[-0.        ]
   [-0.        ]]]


 [[[-0.6289198 ]
   [-0.        ]]]


 [[[-0.        ]
   [-0.        ]]]


 [[[-0.        ]
   [-0.        ]]]


 [[[-0.62660086]
   [-0.        ]]]


 [[[-0.636112  ]
   [-0.        ]]]


 [[[-0.61716044]
   [-0.        ]]]


 [[[-0.6370958 ]
   [-0.        ]]]


 [[[-0.6296619 ]
   [-0.        ]]]


 [[[-0.60757357]
   [-0.        ]]]


 [[[-0.64338744]
   [-0.        ]]]


 [[[-0.636714  ]
   [-0.        ]]]


 [[[-0.6125682 ]
   [-0.6344498 ]]]


 [[[-0.63039535]
   [-0.        ]]]


 [[[-0.        ]
   [-0.6295369 ]]]


 [[[-0.6353134 ]
   [-0.        ]]]


 [[[-0.6400659 ]
   [-0.6333635 ]]]


 [[[-0.        ]
   [-0.60707814]]]


 [[[-0.        ]
   [-0.6469866 ]]]


 [[[-0.6200571 ]
   [-0.        ]]]


 [[[-0.6295843 ]
   [-0.        ]]]


 [[[-0.6278228 ]
   [-0.6408214 ]]]


 [[[-0.6252207 ]
   [-0.63902986]]]


 [[[-0.6357722 ]
   [-0.        ]]]


 [[[-0.64927274]
   [-0.        ]]]


 [[[-0.6074068 ]
   [-0.        ]]]


 [[[-0.        ]
   [-0.        ]]]


 [[[-0.6296864 ]
   [-0.6366097 ]]]


 [[[-0.6365027 ]
   [-0.6395909 ]]]


 [[[-0.60714525]
   [-0.        ]]]


 [[[-0.        ]
   [-0.62806   ]]]


 [[[-0.63116676]
   [-0.63070625]]]


 [[[-0.64158076]
   [-0.6383192 ]]]


 [[[-0.        ]
   [-0.6417992 ]]]


 [[[-0.6385522 ]
   [-0.        ]]]


 [[[-0.        ]
   [-0.6415583 ]]]


 [[[-0.62994754]
   [-0.        ]]]


 [[[-0.        ]
   [-0.        ]]]


 [[[-0.        ]
   [-0.        ]]]


 [[[-0.6142817 ]
   [-0.        ]]]


 [[[-0.        ]
   [-0.59773546]]]


 [[[-0.        ]
   [-0.        ]]]


 [[[-0.        ]
   [-0.        ]]]


 [[[-0.        ]
   [-0.63690096]]]


 [[[-0.        ]
   [-0.62980264]]]


 [[[-0.6212807 ]
   [-0.629999  ]]]


 [[[-0.65480244]
   [-0.6085003 ]]]


 [[[-0.5703046 ]
   [-0.        ]]]


 [[[-0.62954736]
   [-0.        ]]]


 [[[-0.        ]
   [-0.6383652 ]]]


 [[[-0.        ]
   [-0.6071122 ]]]


 [[[-0.6301432 ]
   [-0.6498422 ]]]


 [[[-0.63635945]
   [-0.6514254 ]]]


 [[[-0.6487413 ]
   [-0.        ]]]


 [[[-0.        ]
   [-0.566487  ]]]


 [[[-0.        ]
   [-0.        ]]]


 [[[-0.6476054 ]
   [-0.        ]]]


 [[[-0.6319172 ]
   [-0.62576836]]]


 [[[-0.        ]
   [-0.        ]]]


 [[[-0.60758823]
   [-0.65126175]]]


 [[[-0.        ]
   [-0.63502294]]]


 [[[-0.        ]
   [-0.60790986]]]


 [[[-0.        ]
   [-0.59201586]]]


 [[[-0.        ]
   [-0.        ]]]


 [[[-0.6189235 ]
   [-0.        ]]]


 [[[-0.64687455]
   [-0.6524221 ]]]


 [[[-0.64152664]
   [-0.        ]]]


 [[[-0.63188237]
   [-0.5936943 ]]]


 [[[-0.64586985]
   [-0.62194663]]]


 [[[-0.6377611 ]
   [-0.6406898 ]]]


 [[[-0.62228775]
   [-0.6296339 ]]]


 [[[-0.6081589 ]
   [-0.627808  ]]]


 [[[-0.64268124]
   [-0.6282772 ]]]


 [[[-0.60971236]
   [-0.        ]]]


 [[[-0.        ]
   [-0.        ]]]


 [[[-0.6307712 ]
   [-0.        ]]]


 [[[-0.6485595 ]
   [-0.64963686]]]


 [[[-0.        ]
   [-0.6477408 ]]]


 [[[-0.        ]
   [-0.        ]]]


 [[[-0.63005054]
   [-0.        ]]]


 [[[-0.        ]
   [-0.        ]]]


 [[[-0.        ]
   [-0.        ]]]


 [[[-0.        ]
   [-0.        ]]]


 [[[-0.        ]
   [-0.        ]]]


 [[[-0.6454552 ]
   [-0.        ]]]]
